3.099999999999999978e-01 3.000000000000000000e+00 3.069999999999999929e+01 1.426089999999999964e+04 1.022190000000000000e+05 4.400000000000000000e+01 2.036999999999999886e+02 2.893000000000000114e+02 0.000000000000000000e+00 2.368000000000000114e+02 4.820000000000000284e+01 3.600000000000000089e+00
4.000000000000000083e-02 2.000000000000000000e+00 4.320000000000000284e+01 1.638900000000000000e+04 1.017110000000000000e+05 6.100000000000000000e+01 2.100000000000000000e+02 2.891999999999999886e+02 0.000000000000000000e+00 2.460000000000000000e+02 3.889999999999999858e+01 9.199999999999999289e+00
5.999999999999999778e-02 3.000000000000000000e+00 4.500000000000000000e+01 1.830009999999999854e+04 1.008530000000000000e+05 6.300000000000000000e+01 2.164000000000000057e+02 2.928000000000000114e+02 0.000000000000000000e+00 2.480999999999999943e+02 4.120000000000000284e+01 2.830000000000000071e+01
2.999999999999999889e-02 2.000000000000000000e+00 1.080000000000000071e+01 1.414620000000000073e+04 1.021670000000000000e+05 1.800000000000000000e+01 2.143000000000000114e+02 2.805000000000000000e+02 0.000000000000000000e+00 2.676999999999999886e+02 5.120000000000000284e+01 2.819999999999999929e+01
6.500000000000000222e-01 3.000000000000000000e+00 3.119999999999999929e+01 1.885609999999999854e+04 1.017760000000000000e+05 4.700000000000000000e+01 2.105999999999999943e+02 2.888999999999999773e+02 0.000000000000000000e+00 2.703000000000000114e+02 3.660000000000000142e+01 3.670000000000000284e+01
1.000000000000000021e-02 5.000000000000000000e+00 3.039999999999999858e+01 1.731490000000000146e+04 1.012150000000000000e+05 4.100000000000000000e+01 2.081999999999999886e+02 2.918000000000000114e+02 0.000000000000000000e+00 2.544000000000000057e+02 3.760000000000000142e+01 -5.500000000000000000e+00
0.000000000000000000e+00 4.000000000000000000e+00 1.830000000000000071e+01 1.477350000000000000e+04 1.019640000000000000e+05 3.000000000000000000e+01 2.040000000000000000e+02 2.823000000000000114e+02 0.000000000000000000e+00 2.528000000000000114e+02 4.579999999999999716e+01 2.110000000000000142e+01
0.000000000000000000e+00 2.000000000000000000e+00 1.119999999999999929e+01 1.907350000000000000e+04 1.026740000000000000e+05 2.000000000000000000e+01 2.138000000000000114e+02 2.766000000000000227e+02 0.000000000000000000e+00 2.568999999999999773e+02 4.710000000000000142e+01 2.530000000000000071e+01
1.400000000000000133e-01 3.000000000000000000e+00 3.350000000000000000e+01 2.393429999999999927e+04 1.023190000000000000e+05 5.300000000000000000e+01 2.255000000000000000e+02 2.868999999999999773e+02 0.000000000000000000e+00 2.549000000000000057e+02 4.600000000000000000e+01 2.189999999999999858e+01
0.000000000000000000e+00 3.000000000000000000e+00 3.779999999999999716e+01 2.617250000000000000e+04 1.020570000000000000e+05 5.200000000000000000e+01 2.299000000000000057e+02 2.906999999999999886e+02 0.000000000000000000e+00 2.556999999999999886e+02 4.120000000000000284e+01 2.280000000000000071e+01
0.000000000000000000e+00 3.000000000000000000e+00 4.070000000000000284e+01 1.950079999999999927e+04 1.015680000000000000e+05 5.500000000000000000e+01 2.195000000000000000e+02 2.933000000000000114e+02 0.000000000000000000e+00 2.603000000000000114e+02 3.889999999999999858e+01 1.399999999999999911e+00
8.999999999999999667e-02 3.000000000000000000e+00 4.129999999999999716e+01 1.527950000000000000e+04 1.011210000000000000e+05 5.700000000000000000e+01 2.120000000000000000e+02 2.948000000000000114e+02 0.000000000000000000e+00 2.651000000000000227e+02 4.520000000000000284e+01 1.000000000000000000e+01
0.000000000000000000e+00 4.000000000000000000e+00 8.800000000000000711e+00 1.951890000000000146e+04 1.018650000000000000e+05 1.300000000000000000e+01 2.205999999999999943e+02 2.856999999999999886e+02 0.000000000000000000e+00 2.731000000000000227e+02 5.150000000000000000e+01 4.000000000000000000e+00
8.999999999999999667e-02 3.000000000000000000e+00 3.100000000000000000e+01 2.205979999999999927e+04 1.013770000000000000e+05 4.300000000000000000e+01 2.210999999999999943e+02 2.925000000000000000e+02 0.000000000000000000e+00 2.583000000000000114e+02 3.879999999999999716e+01 6.200000000000000178e+00
5.000000000000000278e-02 3.000000000000000000e+00 2.280000000000000071e+01 2.471370000000000073e+04 1.011850000000000000e+05 3.200000000000000000e+01 2.279000000000000057e+02 2.906000000000000227e+02 0.000000000000000000e+00 2.571000000000000227e+02 3.870000000000000284e+01 2.039999999999999858e+01
3.300000000000000155e-01 5.000000000000000000e+00 1.280000000000000071e+01 1.815440000000000146e+04 1.012140000000000000e+05 2.200000000000000000e+01 2.225999999999999943e+02 2.863000000000000114e+02 0.000000000000000000e+00 2.618000000000000114e+02 5.789999999999999858e+01 3.470000000000000284e+01
0.000000000000000000e+00 4.000000000000000000e+00 6.799999999999999822e+00 1.541189999999999964e+04 1.017340000000000000e+05 1.200000000000000000e+01 2.128000000000000114e+02 2.796999999999999886e+02 0.000000000000000000e+00 2.693999999999999773e+02 4.650000000000000000e+01 2.130000000000000071e+01
0.000000000000000000e+00 4.000000000000000000e+00 1.340000000000000036e+01 2.038340000000000146e+04 1.016860000000000000e+05 2.400000000000000000e+01 2.185999999999999943e+02 2.835000000000000000e+02 0.000000000000000000e+00 2.768000000000000114e+02 6.110000000000000142e+01 3.939999999999999858e+01
0.000000000000000000e+00 4.000000000000000000e+00 4.099999999999999645e+00 2.215809999999999854e+04 1.020150000000000000e+05 9.000000000000000000e+00 2.215000000000000000e+02 2.788000000000000114e+02 0.000000000000000000e+00 2.886999999999999886e+02 5.410000000000000142e+01 2.689999999999999858e+01
0.000000000000000000e+00 3.000000000000000000e+00 1.739999999999999858e+01 1.419860000000000036e+04 1.016920000000000000e+05 3.200000000000000000e+01 2.136999999999999886e+02 2.853000000000000114e+02 0.000000000000000000e+00 3.108000000000000114e+02 4.260000000000000142e+01 1.159999999999999964e+01
5.000000000000000278e-02 5.000000000000000000e+00 9.099999999999999645e+00 2.080750000000000000e+04 1.014060000000000000e+05 1.600000000000000000e+01 2.219000000000000057e+02 2.861000000000000227e+02 0.000000000000000000e+00 2.883000000000000114e+02 3.779999999999999716e+01 -8.099999999999999645e+00
2.000000000000000042e-02 3.000000000000000000e+00 2.050000000000000000e+01 2.578170000000000073e+04 1.006650000000000000e+05 4.300000000000000000e+01 2.301999999999999886e+02 2.891999999999999886e+02 0.000000000000000000e+00 2.895000000000000000e+02 7.279999999999999716e+01 7.900000000000000355e+00
0.000000000000000000e+00 4.000000000000000000e+00 5.799999999999999822e+00 2.258229999999999927e+04 1.017380000000000000e+05 1.200000000000000000e+01 2.218000000000000114e+02 2.788000000000000114e+02 0.000000000000000000e+00 2.953000000000000114e+02 5.779999999999999716e+01 -3.899999999999999911e+00
0.000000000000000000e+00 4.000000000000000000e+00 9.400000000000000355e+00 1.403800000000000000e+04 1.023580000000000000e+05 1.700000000000000000e+01 2.081999999999999886e+02 2.796999999999999886e+02 0.000000000000000000e+00 2.728000000000000114e+02 5.629999999999999716e+01 8.000000000000000000e+00
0.000000000000000000e+00 2.000000000000000000e+00 1.850000000000000000e+01 1.461900000000000000e+04 1.024390000000000000e+05 3.700000000000000000e+01 2.115999999999999943e+02 2.801999999999999886e+02 0.000000000000000000e+00 2.758000000000000114e+02 6.150000000000000000e+01 2.899999999999999911e+00
0.000000000000000000e+00 5.000000000000000000e+00 1.719999999999999929e+01 1.436900000000000000e+04 1.014260000000000000e+05 2.900000000000000000e+01 2.088000000000000114e+02 2.855000000000000000e+02 0.000000000000000000e+00 3.086999999999999886e+02 6.089999999999999858e+01 8.599999999999999645e+00
1.100000000000000006e-01 3.000000000000000000e+00 3.010000000000000142e+01 1.704150000000000000e+04 1.013080000000000000e+05 5.000000000000000000e+01 2.165999999999999943e+02 2.888000000000000114e+02 0.000000000000000000e+00 2.900000000000000000e+02 4.520000000000000284e+01 -2.700000000000000178e+00
0.000000000000000000e+00 3.000000000000000000e+00 2.850000000000000000e+01 2.333329999999999927e+04 1.011510000000000000e+05 4.100000000000000000e+01 2.288000000000000114e+02 2.903000000000000114e+02 0.000000000000000000e+00 2.686999999999999886e+02 4.900000000000000000e+01 -4.400000000000000355e+00
0.000000000000000000e+00 5.000000000000000000e+00 3.520000000000000284e+01 1.784609999999999854e+04 1.011810000000000000e+05 4.900000000000000000e+01 2.166999999999999886e+02 2.926000000000000227e+02 0.000000000000000000e+00 2.561999999999999886e+02 6.229999999999999716e+01 1.500000000000000000e+01
5.300000000000000266e-01 2.000000000000000000e+00 3.350000000000000000e+01 1.725829999999999927e+04 1.019630000000000000e+05 5.300000000000000000e+01 2.141999999999999886e+02 2.813000000000000114e+02 0.000000000000000000e+00 2.429000000000000057e+02 5.979999999999999716e+01 2.050000000000000000e+01
1.000000000000000056e-01 3.000000000000000000e+00 3.379999999999999716e+01 1.691340000000000146e+04 1.017500000000000000e+05 5.000000000000000000e+01 2.149000000000000057e+02 2.823000000000000114e+02 0.000000000000000000e+00 2.530999999999999943e+02 5.070000000000000284e+01 2.619999999999999929e+01
2.899999999999999800e-01 3.000000000000000000e+00 4.389999999999999858e+01 1.229829999999999927e+04 1.016040000000000000e+05 5.800000000000000000e+01 2.023000000000000114e+02 2.895000000000000000e+02 0.000000000000000000e+00 2.618000000000000114e+02 4.110000000000000142e+01 1.130000000000000071e+01
0.000000000000000000e+00 3.000000000000000000e+00 4.110000000000000142e+01 2.138200000000000000e+04 1.016070000000000000e+05 5.000000000000000000e+01 2.220999999999999943e+02 2.935000000000000000e+02 0.000000000000000000e+00 2.546999999999999886e+02 3.860000000000000142e+01 4.000000000000000222e-01
0.000000000000000000e+00 4.000000000000000000e+00 2.830000000000000071e+01 1.870840000000000146e+04 1.015200000000000000e+05 3.100000000000000000e+01 2.166999999999999886e+02 2.940000000000000000e+02 0.000000000000000000e+00 2.500000000000000000e+02 3.100000000000000000e+01 9.699999999999999289e+00
0.000000000000000000e+00 5.000000000000000000e+00 3.069999999999999929e+01 2.024359999999999854e+04 1.013960000000000000e+05 3.400000000000000000e+01 2.191999999999999886e+02 2.941000000000000227e+02 0.000000000000000000e+00 2.560000000000000000e+02 2.800000000000000000e+01 5.500000000000000000e+00
0.000000000000000000e+00 4.000000000000000000e+00 3.600000000000000000e+01 1.749950000000000000e+04 1.013730000000000000e+05 4.300000000000000000e+01 2.125999999999999943e+02 2.950000000000000000e+02 0.000000000000000000e+00 2.601999999999999886e+02 3.839999999999999858e+01 1.699999999999999956e+00
0.000000000000000000e+00 3.000000000000000000e+00 4.129999999999999716e+01 1.711140000000000146e+04 1.013120000000000000e+05 5.300000000000000000e+01 2.145999999999999943e+02 2.950000000000000000e+02 0.000000000000000000e+00 2.623000000000000114e+02 4.679999999999999716e+01 5.099999999999999645e+00
2.600000000000000089e-01 2.000000000000000000e+00 4.160000000000000142e+01 1.909070000000000073e+04 1.017300000000000000e+05 6.000000000000000000e+01 2.184000000000000057e+02 2.878000000000000114e+02 0.000000000000000000e+00 2.626000000000000227e+02 4.479999999999999716e+01 1.250000000000000000e+01
1.000000000000000056e-01 3.000000000000000000e+00 4.000000000000000000e+01 1.777600000000000000e+04 1.017760000000000000e+05 5.500000000000000000e+01 2.190000000000000000e+02 2.866000000000000227e+02 0.000000000000000000e+00 2.673999999999999773e+02 4.389999999999999858e+01 1.109999999999999964e+01
2.999999999999999889e-02 2.000000000000000000e+00 3.169999999999999929e+01 1.811129999999999927e+04 1.016530000000000000e+05 4.500000000000000000e+01 2.198000000000000114e+02 2.858000000000000114e+02 0.000000000000000000e+00 2.713999999999999773e+02 4.939999999999999858e+01 2.080000000000000071e+01
0.000000000000000000e+00 4.000000000000000000e+00 1.259999999999999964e+01 1.892529999999999927e+04 1.015270000000000000e+05 1.900000000000000000e+01 2.194000000000000057e+02 2.868000000000000114e+02 0.000000000000000000e+00 2.773999999999999773e+02 5.179999999999999716e+01 2.000000000000000000e+01
0.000000000000000000e+00 6.000000000000000000e+00 1.610000000000000142e+01 1.689490000000000146e+04 1.014640000000000000e+05 2.600000000000000000e+01 2.149000000000000057e+02 2.888000000000000114e+02 0.000000000000000000e+00 2.930000000000000000e+02 4.139999999999999858e+01 1.330000000000000071e+01
2.000000000000000042e-02 3.000000000000000000e+00 2.639999999999999858e+01 1.424589999999999964e+04 1.014220000000000000e+05 4.100000000000000000e+01 2.100000000000000000e+02 2.921000000000000227e+02 0.000000000000000000e+00 2.860000000000000000e+02 4.610000000000000142e+01 1.380000000000000071e+01
8.499999999999999778e-01 3.000000000000000000e+00 3.979999999999999716e+01 1.496939999999999964e+04 1.006800000000000000e+05 6.800000000000000000e+01 2.086999999999999886e+02 2.911000000000000227e+02 0.000000000000000000e+00 2.853999999999999773e+02 6.079999999999999716e+01 2.650000000000000000e+01
0.000000000000000000e+00 2.000000000000000000e+00 7.299999999999999822e+00 1.885700000000000000e+04 1.010180000000000000e+05 1.400000000000000000e+01 2.173000000000000114e+02 2.830000000000000000e+02 0.000000000000000000e+00 3.228999999999999773e+02 4.800000000000000000e+01 1.019999999999999929e+01
0.000000000000000000e+00 5.000000000000000000e+00 1.259999999999999964e+01 1.621950000000000000e+04 1.012120000000000000e+05 2.300000000000000000e+01 2.151999999999999886e+02 2.846999999999999886e+02 0.000000000000000000e+00 3.121000000000000227e+02 5.070000000000000284e+01 1.509999999999999964e+01
0.000000000000000000e+00 5.000000000000000000e+00 7.500000000000000000e+00 1.518400000000000000e+04 1.016140000000000000e+05 1.200000000000000000e+01 2.106999999999999886e+02 2.843000000000000114e+02 0.000000000000000000e+00 3.006999999999999886e+02 4.670000000000000284e+01 2.000000000000000000e+00
0.000000000000000000e+00 5.000000000000000000e+00 1.000000000000000000e+01 1.532339999999999964e+04 1.018210000000000000e+05 1.500000000000000000e+01 2.124000000000000057e+02 2.841000000000000227e+02 0.000000000000000000e+00 2.920000000000000000e+02 3.839999999999999858e+01 -6.999999999999999556e-01
0.000000000000000000e+00 5.000000000000000000e+00 1.059999999999999964e+01 1.370850000000000000e+04 1.018640000000000000e+05 1.400000000000000000e+01 2.065999999999999943e+02 2.868999999999999773e+02 0.000000000000000000e+00 2.718000000000000114e+02 3.420000000000000284e+01 -6.700000000000000178e+00
2.000000000000000042e-02 6.000000000000000000e+00 1.839999999999999858e+01 1.425100000000000000e+04 1.018390000000000000e+05 2.500000000000000000e+01 2.105000000000000000e+02 2.901000000000000227e+02 0.000000000000000000e+00 2.733999999999999773e+02 4.670000000000000284e+01 -2.700000000000000178e+00
0.000000000000000000e+00 5.000000000000000000e+00 1.950000000000000000e+01 1.655179999999999927e+04 1.016320000000000000e+05 2.500000000000000000e+01 2.106999999999999886e+02 2.921000000000000227e+02 0.000000000000000000e+00 3.031999999999999886e+02 2.969999999999999929e+01 -1.559999999999999964e+01
0.000000000000000000e+00 5.000000000000000000e+00 2.600000000000000000e+01 1.225520000000000073e+04 1.015160000000000000e+05 3.300000000000000000e+01 2.051999999999999886e+02 2.940000000000000000e+02 0.000000000000000000e+00 2.723999999999999773e+02 3.429999999999999716e+01 -2.200000000000000178e+00
1.000000000000000021e-02 4.000000000000000000e+00 3.720000000000000284e+01 1.417600000000000000e+04 1.013800000000000000e+05 4.700000000000000000e+01 2.054000000000000057e+02 2.931999999999999886e+02 0.000000000000000000e+00 2.743999999999999773e+02 4.010000000000000142e+01 -3.799999999999999822e+00
0.000000000000000000e+00 3.000000000000000000e+00 3.700000000000000000e+01 1.844090000000000146e+04 1.014820000000000000e+05 4.800000000000000000e+01 2.094000000000000057e+02 2.931999999999999886e+02 0.000000000000000000e+00 2.783000000000000114e+02 4.400000000000000000e+01 -3.899999999999999911e+00
1.000000000000000021e-02 3.000000000000000000e+00 3.220000000000000284e+01 2.025020000000000073e+04 1.014190000000000000e+05 4.200000000000000000e+01 2.150000000000000000e+02 2.931999999999999886e+02 0.000000000000000000e+00 2.745000000000000000e+02 3.439999999999999858e+01 -3.100000000000000089e+00
5.999999999999999778e-02 3.000000000000000000e+00 3.289999999999999858e+01 2.012240000000000146e+04 1.013670000000000000e+05 4.700000000000000000e+01 2.210000000000000000e+02 2.930000000000000000e+02 0.000000000000000000e+00 2.703999999999999773e+02 4.070000000000000284e+01 8.099999999999999645e+00
0.000000000000000000e+00 4.000000000000000000e+00 2.489999999999999858e+01 1.956650000000000000e+04 1.011170000000000000e+05 3.600000000000000000e+01 2.139000000000000057e+02 2.921000000000000227e+02 0.000000000000000000e+00 2.813000000000000114e+02 5.950000000000000000e+01 -1.930000000000000071e+01
7.900000000000000355e-01 3.000000000000000000e+00 4.489999999999999858e+01 2.029690000000000146e+04 1.005150000000000000e+05 6.600000000000000000e+01 2.144000000000000057e+02 2.916999999999999886e+02 0.000000000000000000e+00 2.770000000000000000e+02 6.110000000000000142e+01 -1.509999999999999964e+01
5.799999999999999600e-01 2.000000000000000000e+00 2.439999999999999858e+01 2.178100000000000000e+04 1.010580000000000000e+05 4.200000000000000000e+01 2.246999999999999886e+02 2.870000000000000000e+02 0.000000000000000000e+00 2.843000000000000114e+02 5.620000000000000284e+01 1.050000000000000000e+01
1.000000000000000021e-02 5.000000000000000000e+00 1.550000000000000000e+01 2.268809999999999854e+04 1.014670000000000000e+05 2.700000000000000000e+01 2.311999999999999886e+02 2.878999999999999773e+02 0.000000000000000000e+00 2.903999999999999773e+02 5.820000000000000284e+01 4.000000000000000000e+00
0.000000000000000000e+00 5.000000000000000000e+00 2.060000000000000142e+01 2.295200000000000000e+04 1.017860000000000000e+05 3.100000000000000000e+01 2.270000000000000000e+02 2.900000000000000000e+02 0.000000000000000000e+00 2.696000000000000227e+02 3.829999999999999716e+01 -5.700000000000000178e+00
8.999999999999999667e-02 5.000000000000000000e+00 2.489999999999999858e+01 2.028929999999999927e+04 1.015310000000000000e+05 3.400000000000000000e+01 2.209000000000000057e+02 2.933999999999999773e+02 0.000000000000000000e+00 2.681999999999999886e+02 3.920000000000000284e+01 -6.400000000000000355e+00
0.000000000000000000e+00 4.000000000000000000e+00 2.030000000000000071e+01 1.995629999999999927e+04 1.012850000000000000e+05 2.700000000000000000e+01 2.175000000000000000e+02 2.923000000000000114e+02 0.000000000000000000e+00 2.633000000000000114e+02 5.229999999999999716e+01 1.000000000000000000e+01
1.100000000000000006e-01 3.000000000000000000e+00 3.379999999999999716e+01 1.876229999999999927e+04 1.013620000000000000e+05 5.100000000000000000e+01 2.150999999999999943e+02 2.928999999999999773e+02 0.000000000000000000e+00 2.698000000000000114e+02 4.800000000000000000e+01 1.290000000000000036e+01
2.000000000000000111e-01 3.000000000000000000e+00 2.719999999999999929e+01 1.739640000000000146e+04 1.013170000000000000e+05 4.000000000000000000e+01 2.135999999999999943e+02 2.921999999999999886e+02 0.000000000000000000e+00 2.846999999999999886e+02 5.629999999999999716e+01 2.589999999999999858e+01
2.000000000000000111e-01 3.000000000000000000e+00 2.980000000000000071e+01 1.839309999999999854e+04 1.004830000000000000e+05 4.400000000000000000e+01 2.145000000000000000e+02 2.921000000000000227e+02 0.000000000000000000e+00 2.891999999999999886e+02 4.210000000000000142e+01 4.010000000000000142e+01
0.000000000000000000e+00 2.000000000000000000e+00 1.230000000000000071e+01 2.015570000000000073e+04 1.011860000000000000e+05 2.200000000000000000e+01 2.260999999999999943e+02 2.845000000000000000e+02 0.000000000000000000e+00 2.926999999999999886e+02 6.229999999999999716e+01 1.919999999999999929e+01
1.000000000000000021e-02 4.000000000000000000e+00 1.989999999999999858e+01 1.672429999999999927e+04 1.016440000000000000e+05 2.900000000000000000e+01 2.138000000000000114e+02 2.881999999999999886e+02 0.000000000000000000e+00 2.731999999999999886e+02 5.579999999999999716e+01 1.340000000000000036e+01
1.000000000000000021e-02 5.000000000000000000e+00 3.010000000000000142e+01 1.974879999999999927e+04 1.015630000000000000e+05 4.100000000000000000e+01 2.235000000000000000e+02 2.916999999999999886e+02 0.000000000000000000e+00 2.806999999999999886e+02 5.689999999999999858e+01 1.939999999999999858e+01
0.000000000000000000e+00 5.000000000000000000e+00 2.200000000000000000e+01 1.988429999999999927e+04 1.012350000000000000e+05 3.100000000000000000e+01 2.224000000000000057e+02 2.906999999999999886e+02 0.000000000000000000e+00 2.818000000000000114e+02 5.470000000000000284e+01 4.900000000000000355e+00
1.000000000000000056e-01 6.000000000000000000e+00 2.869999999999999929e+01 2.029950000000000000e+04 1.007730000000000000e+05 4.000000000000000000e+01 2.231999999999999886e+02 2.923000000000000114e+02 0.000000000000000000e+00 2.806000000000000227e+02 5.810000000000000142e+01 1.340000000000000036e+01
0.000000000000000000e+00 3.000000000000000000e+00 1.730000000000000071e+01 1.681000000000000000e+04 1.004850000000000000e+05 2.400000000000000000e+01 2.169000000000000057e+02 2.923999999999999773e+02 0.000000000000000000e+00 2.911000000000000227e+02 3.960000000000000142e+01 1.800000000000000044e+00
0.000000000000000000e+00 4.000000000000000000e+00 6.599999999999999645e+00 2.258379999999999927e+04 1.017010000000000000e+05 1.100000000000000000e+01 2.293000000000000114e+02 2.843000000000000114e+02 0.000000000000000000e+00 2.906999999999999886e+02 5.020000000000000284e+01 1.399999999999999911e+00
0.000000000000000000e+00 3.000000000000000000e+00 1.559999999999999964e+01 2.168170000000000073e+04 1.019440000000000000e+05 2.500000000000000000e+01 2.269000000000000057e+02 2.880000000000000000e+02 0.000000000000000000e+00 2.788999999999999773e+02 5.579999999999999716e+01 -5.299999999999999822e+00
0.000000000000000000e+00 5.000000000000000000e+00 2.360000000000000142e+01 1.870459999999999854e+04 1.014170000000000000e+05 3.400000000000000000e+01 2.183000000000000114e+02 2.915000000000000000e+02 0.000000000000000000e+00 2.711000000000000227e+02 5.979999999999999716e+01 3.700000000000000178e+00
5.000000000000000278e-02 5.000000000000000000e+00 2.669999999999999929e+01 1.670540000000000146e+04 1.004970000000000000e+05 3.400000000000000000e+01 2.143000000000000114e+02 2.943999999999999773e+02 0.000000000000000000e+00 2.776999999999999886e+02 4.420000000000000284e+01 -1.100000000000000089e+00
1.499999999999999944e-01 3.000000000000000000e+00 4.760000000000000142e+01 2.229479999999999927e+04 1.002530000000000000e+05 6.400000000000000000e+01 2.225000000000000000e+02 2.941999999999999886e+02 0.000000000000000000e+00 2.681999999999999886e+02 6.490000000000000568e+01 1.190000000000000036e+01
1.199999999999999956e-01 4.000000000000000000e+00 1.660000000000000142e+01 2.367020000000000073e+04 1.011470000000000000e+05 2.100000000000000000e+01 2.265000000000000000e+02 2.921000000000000227e+02 0.000000000000000000e+00 2.728000000000000114e+02 5.879999999999999716e+01 3.500000000000000000e+00
0.000000000000000000e+00 4.000000000000000000e+00 1.969999999999999929e+01 1.952540000000000146e+04 1.013730000000000000e+05 2.500000000000000000e+01 2.193000000000000114e+02 2.928999999999999773e+02 0.000000000000000000e+00 2.710000000000000000e+02 4.920000000000000284e+01 -3.299999999999999822e+00
1.000000000000000056e-01 4.000000000000000000e+00 2.739999999999999858e+01 1.877679999999999927e+04 1.012700000000000000e+05 3.800000000000000000e+01 2.181999999999999886e+02 2.943000000000000114e+02 0.000000000000000000e+00 2.753000000000000114e+02 6.479999999999999716e+01 8.000000000000000444e-01
0.000000000000000000e+00 4.000000000000000000e+00 2.110000000000000142e+01 1.729720000000000073e+04 1.014560000000000000e+05 2.900000000000000000e+01 2.118000000000000114e+02 2.923999999999999773e+02 0.000000000000000000e+00 2.903999999999999773e+02 4.650000000000000000e+01 -1.400000000000000000e+01
0.000000000000000000e+00 4.000000000000000000e+00 2.860000000000000142e+01 2.563229999999999927e+04 1.012770000000000000e+05 3.900000000000000000e+01 2.270999999999999943e+02 2.936999999999999886e+02 0.000000000000000000e+00 2.853999999999999773e+02 5.120000000000000284e+01 -9.099999999999999645e+00
1.000000000000000056e-01 4.000000000000000000e+00 8.599999999999999645e+00 2.011340000000000146e+04 1.021920000000000000e+05 1.400000000000000000e+01 2.145999999999999943e+02 2.843000000000000114e+02 0.000000000000000000e+00 2.846000000000000227e+02 5.670000000000000284e+01 -1.689999999999999858e+01
1.499999999999999944e-01 3.000000000000000000e+00 2.939999999999999858e+01 1.875979999999999927e+04 1.021320000000000000e+05 4.500000000000000000e+01 2.110999999999999943e+02 2.895000000000000000e+02 0.000000000000000000e+00 2.788000000000000114e+02 5.010000000000000142e+01 -1.290000000000000036e+01
2.399999999999999911e-01 3.000000000000000000e+00 3.870000000000000284e+01 1.734620000000000073e+04 1.014190000000000000e+05 5.000000000000000000e+01 2.090999999999999943e+02 2.931000000000000227e+02 0.000000000000000000e+00 2.781000000000000227e+02 3.729999999999999716e+01 -3.500000000000000000e+00
0.000000000000000000e+00 3.000000000000000000e+00 3.420000000000000284e+01 1.637060000000000036e+04 1.009300000000000000e+05 4.200000000000000000e+01 2.094000000000000057e+02 2.933000000000000114e+02 0.000000000000000000e+00 2.786999999999999886e+02 3.550000000000000000e+01 9.599999999999999645e+00
0.000000000000000000e+00 4.000000000000000000e+00 6.400000000000000355e+00 2.249040000000000146e+04 1.013680000000000000e+05 8.000000000000000000e+00 2.180000000000000000e+02 2.875000000000000000e+02 0.000000000000000000e+00 2.806999999999999886e+02 4.929999999999999716e+01 2.799999999999999822e+00
5.000000000000000278e-02 4.000000000000000000e+00 9.300000000000000711e+00 1.269429999999999927e+04 1.016110000000000000e+05 1.200000000000000000e+01 2.061999999999999886e+02 2.890000000000000000e+02 0.000000000000000000e+00 2.893999999999999773e+02 2.789999999999999858e+01 -7.700000000000000178e+00
0.000000000000000000e+00 5.000000000000000000e+00 1.200000000000000000e+01 1.626539999999999964e+04 1.016710000000000000e+05 1.500000000000000000e+01 2.170999999999999943e+02 2.906999999999999886e+02 0.000000000000000000e+00 2.901999999999999886e+02 4.039999999999999858e+01 -1.590000000000000036e+01
0.000000000000000000e+00 5.000000000000000000e+00 1.930000000000000071e+01 1.395270000000000073e+04 1.017220000000000000e+05 2.400000000000000000e+01 2.109000000000000057e+02 2.923999999999999773e+02 0.000000000000000000e+00 2.858000000000000114e+02 3.439999999999999858e+01 -6.299999999999999822e+00
2.000000000000000042e-02 5.000000000000000000e+00 2.750000000000000000e+01 1.078139999999999964e+04 1.013960000000000000e+05 3.100000000000000000e+01 2.016999999999999886e+02 2.943999999999999773e+02 0.000000000000000000e+00 2.861999999999999886e+02 3.069999999999999929e+01 -9.099999999999999645e+00
0.000000000000000000e+00 5.000000000000000000e+00 2.560000000000000142e+01 1.700540000000000146e+04 1.012240000000000000e+05 3.000000000000000000e+01 2.096999999999999886e+02 2.943999999999999773e+02 0.000000000000000000e+00 2.973000000000000114e+02 3.489999999999999858e+01 -2.700000000000000000e+01
0.000000000000000000e+00 5.000000000000000000e+00 3.180000000000000071e+01 1.546129999999999927e+04 1.012280000000000000e+05 3.700000000000000000e+01 2.063000000000000114e+02 2.941000000000000227e+02 0.000000000000000000e+00 2.861999999999999886e+02 5.189999999999999858e+01 -1.390000000000000036e+01
7.000000000000000666e-02 5.000000000000000000e+00 3.270000000000000284e+01 1.573689999999999964e+04 1.010850000000000000e+05 3.800000000000000000e+01 2.051999999999999886e+02 2.970000000000000000e+02 0.000000000000000000e+00 2.781999999999999886e+02 5.600000000000000000e+01 -4.099999999999999645e+00
5.999999999999999778e-02 5.000000000000000000e+00 4.170000000000000284e+01 2.871609999999999854e+04 1.007860000000000000e+05 4.500000000000000000e+01 2.360000000000000000e+02 2.966000000000000227e+02 0.000000000000000000e+00 2.811999999999999886e+02 4.210000000000000142e+01 1.440000000000000036e+01
0.000000000000000000e+00 2.000000000000000000e+00 2.460000000000000142e+01 1.674550000000000000e+04 1.005440000000000000e+05 3.100000000000000000e+01 2.099000000000000057e+02 2.911000000000000227e+02 0.000000000000000000e+00 2.808000000000000114e+02 4.310000000000000142e+01 3.039999999999999858e+01
0.000000000000000000e+00 5.000000000000000000e+00 1.480000000000000071e+01 2.213029999999999927e+04 1.015410000000000000e+05 2.100000000000000000e+01 2.236999999999999886e+02 2.890000000000000000e+02 0.000000000000000000e+00 3.016999999999999886e+02 5.820000000000000284e+01 1.230000000000000071e+01
0.000000000000000000e+00 5.000000000000000000e+00 1.980000000000000071e+01 1.975759999999999854e+04 1.020610000000000000e+05 2.700000000000000000e+01 2.190000000000000000e+02 2.911000000000000227e+02 0.000000000000000000e+00 3.006000000000000227e+02 4.629999999999999716e+01 8.599999999999999645e+00
0.000000000000000000e+00 3.000000000000000000e+00 2.630000000000000071e+01 1.741370000000000073e+04 1.018470000000000000e+05 3.500000000000000000e+01 2.181999999999999886e+02 2.925000000000000000e+02 0.000000000000000000e+00 3.001000000000000227e+02 4.189999999999999858e+01 1.200000000000000000e+01
0.000000000000000000e+00 4.000000000000000000e+00 1.680000000000000071e+01 1.935590000000000146e+04 1.017260000000000000e+05 2.200000000000000000e+01 2.165999999999999943e+02 2.923000000000000114e+02 0.000000000000000000e+00 2.976999999999999886e+02 3.970000000000000284e+01 4.900000000000000355e+00
0.000000000000000000e+00 3.000000000000000000e+00 2.950000000000000000e+01 1.877390000000000146e+04 1.013790000000000000e+05 3.500000000000000000e+01 2.119000000000000057e+02 2.941000000000000227e+02 0.000000000000000000e+00 2.948000000000000114e+02 2.139999999999999858e+01 -2.039999999999999858e+01
2.000000000000000042e-02 6.000000000000000000e+00 2.819999999999999929e+01 1.911390000000000146e+04 1.008130000000000000e+05 3.200000000000000000e+01 2.139000000000000057e+02 2.973999999999999773e+02 0.000000000000000000e+00 2.823999999999999773e+02 3.679999999999999716e+01 -1.899999999999999911e+00
1.300000000000000044e-01 3.000000000000000000e+00 4.060000000000000142e+01 1.765650000000000000e+04 1.007560000000000000e+05 4.800000000000000000e+01 2.116999999999999886e+02 2.956000000000000227e+02 0.000000000000000000e+00 2.776999999999999886e+02 3.710000000000000142e+01 1.359999999999999964e+01
2.000000000000000042e-02 3.000000000000000000e+00 2.060000000000000142e+01 2.135750000000000000e+04 1.016680000000000000e+05 2.600000000000000000e+01 2.204000000000000057e+02 2.905000000000000000e+02 0.000000000000000000e+00 3.021999999999999886e+02 4.370000000000000284e+01 1.989999999999999858e+01
7.000000000000000666e-02 3.000000000000000000e+00 4.210000000000000142e+01 1.726100000000000000e+04 1.018300000000000000e+05 5.300000000000000000e+01 2.086999999999999886e+02 2.928000000000000114e+02 0.000000000000000000e+00 2.905000000000000000e+02 4.110000000000000142e+01 7.700000000000000178e+00
1.799999999999999933e-01 3.000000000000000000e+00 4.450000000000000000e+01 1.721209999999999854e+04 1.010730000000000000e+05 5.400000000000000000e+01 2.088000000000000114e+02 2.941999999999999886e+02 0.000000000000000000e+00 2.810000000000000000e+02 2.560000000000000142e+01 2.380000000000000071e+01
0.000000000000000000e+00 3.000000000000000000e+00 1.980000000000000071e+01 2.592029999999999927e+04 1.010610000000000000e+05 2.600000000000000000e+01 2.284000000000000057e+02 2.908999999999999773e+02 0.000000000000000000e+00 3.171000000000000227e+02 4.929999999999999716e+01 -1.359999999999999964e+01
2.000000000000000042e-02 2.000000000000000000e+00 2.210000000000000142e+01 2.032320000000000073e+04 1.014970000000000000e+05 2.900000000000000000e+01 2.155000000000000000e+02 2.906999999999999886e+02 0.000000000000000000e+00 2.973000000000000114e+02 4.329999999999999716e+01 -1.250000000000000000e+01
0.000000000000000000e+00 2.000000000000000000e+00 2.039999999999999858e+01 2.453640000000000146e+04 1.012120000000000000e+05 2.500000000000000000e+01 2.246999999999999886e+02 2.901999999999999886e+02 0.000000000000000000e+00 2.878000000000000114e+02 3.700000000000000000e+01 -6.099999999999999645e+00
0.000000000000000000e+00 3.000000000000000000e+00 3.019999999999999929e+01 1.971559999999999854e+04 1.007950000000000000e+05 3.800000000000000000e+01 2.165999999999999943e+02 2.936000000000000227e+02 0.000000000000000000e+00 2.936999999999999886e+02 4.479999999999999716e+01 1.059999999999999964e+01
0.000000000000000000e+00 5.000000000000000000e+00 2.550000000000000000e+01 1.495939999999999964e+04 1.008690000000000000e+05 2.900000000000000000e+01 2.100999999999999943e+02 2.945000000000000000e+02 0.000000000000000000e+00 2.923000000000000114e+02 2.710000000000000142e+01 6.999999999999999556e-01
0.000000000000000000e+00 5.000000000000000000e+00 3.310000000000000142e+01 1.571129999999999927e+04 1.010640000000000000e+05 3.900000000000000000e+01 2.133000000000000114e+02 2.953000000000000114e+02 0.000000000000000000e+00 2.958000000000000114e+02 3.789999999999999858e+01 4.799999999999999822e+00
0.000000000000000000e+00 3.000000000000000000e+00 2.800000000000000000e+01 1.579120000000000073e+04 1.010900000000000000e+05 3.200000000000000000e+01 2.135999999999999943e+02 2.963000000000000114e+02 0.000000000000000000e+00 3.086000000000000227e+02 4.220000000000000284e+01 5.000000000000000000e-01
2.000000000000000042e-02 4.000000000000000000e+00 3.089999999999999858e+01 1.407479999999999927e+04 1.011510000000000000e+05 3.500000000000000000e+01 2.083000000000000114e+02 2.976000000000000227e+02 0.000000000000000000e+00 3.070000000000000000e+02 2.910000000000000142e+01 -6.000000000000000000e+00
1.000000000000000021e-02 5.000000000000000000e+00 3.770000000000000284e+01 1.390829999999999927e+04 1.011060000000000000e+05 4.200000000000000000e+01 2.086999999999999886e+02 2.965000000000000000e+02 0.000000000000000000e+00 3.010000000000000000e+02 3.460000000000000142e+01 -2.999999999999999889e-01
0.000000000000000000e+00 6.000000000000000000e+00 3.800000000000000000e+01 1.078060000000000036e+04 1.008540000000000000e+05 4.200000000000000000e+01 2.051999999999999886e+02 2.980000000000000000e+02 0.000000000000000000e+00 3.068000000000000114e+02 2.730000000000000071e+01 2.399999999999999911e+00
8.999999999999999667e-02 3.000000000000000000e+00 4.579999999999999716e+01 1.258129999999999927e+04 1.010880000000000000e+05 5.100000000000000000e+01 2.050999999999999943e+02 2.978000000000000114e+02 0.000000000000000000e+00 2.956000000000000227e+02 2.489999999999999858e+01 -6.200000000000000178e+00
0.000000000000000000e+00 4.000000000000000000e+00 4.289999999999999858e+01 1.377820000000000073e+04 1.014180000000000000e+05 4.800000000000000000e+01 2.020999999999999943e+02 2.963999999999999773e+02 0.000000000000000000e+00 2.895000000000000000e+02 2.630000000000000071e+01 5.000000000000000000e-01
2.000000000000000111e-01 3.000000000000000000e+00 4.179999999999999716e+01 1.579050000000000000e+04 1.011450000000000000e+05 4.600000000000000000e+01 2.063000000000000114e+02 2.971999999999999886e+02 0.000000000000000000e+00 2.866999999999999886e+02 5.110000000000000142e+01 1.500000000000000000e+00
4.600000000000000200e-01 3.000000000000000000e+00 4.910000000000000142e+01 1.630610000000000036e+04 1.010220000000000000e+05 5.900000000000000000e+01 2.099000000000000057e+02 2.956000000000000227e+02 0.000000000000000000e+00 2.865000000000000000e+02 5.350000000000000000e+01 5.400000000000000355e+00
1.000000000000000021e-02 2.000000000000000000e+00 4.050000000000000000e+01 2.109250000000000000e+04 1.013020000000000000e+05 5.200000000000000000e+01 2.233000000000000114e+02 2.896999999999999886e+02 0.000000000000000000e+00 2.893000000000000114e+02 5.820000000000000284e+01 1.730000000000000071e+01
0.000000000000000000e+00 6.000000000000000000e+00 1.669999999999999929e+01 1.810550000000000000e+04 1.013620000000000000e+05 2.000000000000000000e+01 2.163000000000000114e+02 2.923000000000000114e+02 0.000000000000000000e+00 3.101999999999999886e+02 5.610000000000000142e+01 1.300000000000000044e+00
0.000000000000000000e+00 6.000000000000000000e+00 2.200000000000000000e+01 1.560750000000000000e+04 1.012000000000000000e+05 2.500000000000000000e+01 2.125000000000000000e+02 2.958000000000000114e+02 0.000000000000000000e+00 3.213999999999999773e+02 3.679999999999999716e+01 -9.599999999999999645e+00
0.000000000000000000e+00 6.000000000000000000e+00 1.600000000000000000e+01 1.778570000000000073e+04 1.012360000000000000e+05 1.700000000000000000e+01 2.143000000000000114e+02 2.956000000000000227e+02 0.000000000000000000e+00 3.206000000000000227e+02 3.130000000000000071e+01 -3.220000000000000284e+01
0.000000000000000000e+00 5.000000000000000000e+00 2.250000000000000000e+01 1.876829999999999927e+04 1.016060000000000000e+05 2.500000000000000000e+01 2.173000000000000114e+02 2.965000000000000000e+02 0.000000000000000000e+00 3.060000000000000000e+02 5.060000000000000142e+01 -4.010000000000000142e+01
0.000000000000000000e+00 4.000000000000000000e+00 2.650000000000000000e+01 1.689190000000000146e+04 1.017380000000000000e+05 2.900000000000000000e+01 2.110000000000000000e+02 2.968999999999999773e+02 0.000000000000000000e+00 2.938999999999999773e+02 3.180000000000000071e+01 -3.929999999999999716e+01
1.499999999999999944e-01 5.000000000000000000e+00 2.389999999999999858e+01 1.464729999999999927e+04 1.015620000000000000e+05 2.500000000000000000e+01 2.044000000000000057e+02 2.973000000000000114e+02 0.000000000000000000e+00 2.930000000000000000e+02 2.900000000000000000e+01 -1.919999999999999929e+01
5.000000000000000278e-02 5.000000000000000000e+00 3.489999999999999858e+01 1.598979999999999927e+04 1.014520000000000000e+05 3.700000000000000000e+01 2.080000000000000000e+02 2.988999999999999773e+02 0.000000000000000000e+00 2.908000000000000114e+02 3.820000000000000284e+01 -8.099999999999999645e+00
2.999999999999999889e-02 4.000000000000000000e+00 2.989999999999999858e+01 1.236429999999999927e+04 1.015510000000000000e+05 3.300000000000000000e+01 2.013000000000000114e+02 2.975000000000000000e+02 0.000000000000000000e+00 3.028999999999999773e+02 3.350000000000000000e+01 -1.700000000000000000e+01
1.000000000000000021e-02 3.000000000000000000e+00 2.660000000000000142e+01 1.078189999999999964e+04 1.015890000000000000e+05 2.900000000000000000e+01 2.015000000000000000e+02 2.966000000000000227e+02 0.000000000000000000e+00 3.026999999999999886e+02 1.409999999999999964e+01 -2.139999999999999858e+01
0.000000000000000000e+00 3.000000000000000000e+00 3.350000000000000000e+01 1.450750000000000000e+04 1.013900000000000000e+05 3.700000000000000000e+01 2.089000000000000057e+02 2.971999999999999886e+02 0.000000000000000000e+00 3.098000000000000114e+02 1.600000000000000000e+01 -1.230000000000000071e+01
2.500000000000000000e-01 3.000000000000000000e+00 4.279999999999999716e+01 1.547460000000000036e+04 1.012150000000000000e+05 4.700000000000000000e+01 2.063000000000000114e+02 2.981000000000000227e+02 0.000000000000000000e+00 2.996999999999999886e+02 3.010000000000000142e+01 -1.399999999999999911e+00
1.000000000000000021e-02 3.000000000000000000e+00 4.839999999999999858e+01 1.483489999999999964e+04 1.010010000000000000e+05 5.400000000000000000e+01 2.043000000000000114e+02 2.970000000000000000e+02 0.000000000000000000e+00 2.936000000000000227e+02 3.250000000000000000e+01 9.800000000000000711e+00
0.000000000000000000e+00 6.000000000000000000e+00 1.330000000000000071e+01 1.616789999999999964e+04 1.014750000000000000e+05 1.600000000000000000e+01 2.095000000000000000e+02 2.913000000000000114e+02 0.000000000000000000e+00 3.110000000000000000e+02 5.800000000000000000e+01 2.219999999999999929e+01
0.000000000000000000e+00 4.000000000000000000e+00 1.559999999999999964e+01 1.590329999999999927e+04 1.017200000000000000e+05 2.000000000000000000e+01 2.083000000000000114e+02 2.918000000000000114e+02 0.000000000000000000e+00 3.316000000000000227e+02 5.660000000000000142e+01 1.309999999999999964e+01
0.000000000000000000e+00 3.000000000000000000e+00 1.850000000000000000e+01 1.590329999999999927e+04 1.579579999999999927e+04 2.300000000000000000e+01 2.058000000000000114e+02 2.916999999999999886e+02 0.000000000000000000e+00 3.356999999999999886e+02 4.150000000000000000e+01 4.099999999999999645e+00
0.000000000000000000e+00 4.000000000000000000e+00 2.889999999999999858e+01 1.527370000000000073e+04 1.017300000000000000e+05 3.500000000000000000e+01 2.046999999999999886e+02 2.953000000000000114e+02 0.000000000000000000e+00 3.428999999999999773e+02 2.869999999999999929e+01 -5.200000000000000178e+00
0.000000000000000000e+00 4.000000000000000000e+00 2.150000000000000000e+01 1.511589999999999964e+04 1.018360000000000000e+05 2.500000000000000000e+01 2.035000000000000000e+02 2.943999999999999773e+02 0.000000000000000000e+00 3.421999999999999886e+02 1.889999999999999858e+01 -1.290000000000000036e+01
0.000000000000000000e+00 4.000000000000000000e+00 2.430000000000000071e+01 1.750409999999999854e+04 1.016460000000000000e+05 2.600000000000000000e+01 2.099000000000000057e+02 2.958999999999999773e+02 0.000000000000000000e+00 3.305000000000000000e+02 9.400000000000000355e+00 -1.950000000000000000e+01
0.000000000000000000e+00 5.000000000000000000e+00 3.039999999999999858e+01 1.078170000000000073e+04 1.013300000000000000e+05 3.100000000000000000e+01 2.034000000000000057e+02 2.995000000000000000e+02 0.000000000000000000e+00 3.211000000000000227e+02 1.309999999999999964e+01 -8.699999999999999289e+00
0.000000000000000000e+00 5.000000000000000000e+00 3.000000000000000000e+01 1.326250000000000000e+04 1.013050000000000000e+05 3.000000000000000000e+01 2.066999999999999886e+02 2.993000000000000114e+02 0.000000000000000000e+00 3.216000000000000227e+02 1.800000000000000000e+01 -1.400000000000000000e+01
2.999999999999999889e-02 5.000000000000000000e+00 3.879999999999999716e+01 1.486339999999999964e+04 1.012820000000000000e+05 3.900000000000000000e+01 2.060999999999999943e+02 3.006999999999999886e+02 0.000000000000000000e+00 3.128999999999999773e+02 2.360000000000000142e+01 -1.750000000000000000e+01
2.000000000000000042e-02 3.000000000000000000e+00 4.260000000000000142e+01 1.370170000000000073e+04 1.015530000000000000e+05 4.700000000000000000e+01 2.070999999999999943e+02 2.988000000000000114e+02 0.000000000000000000e+00 3.233000000000000114e+02 2.400000000000000000e+01 -1.900000000000000000e+01
1.000000000000000021e-02 3.000000000000000000e+00 4.250000000000000000e+01 1.513339999999999964e+04 1.017290000000000000e+05 4.900000000000000000e+01 2.053000000000000114e+02 2.976000000000000227e+02 0.000000000000000000e+00 3.220000000000000000e+02 2.189999999999999858e+01 -3.660000000000000142e+01
1.600000000000000033e-01 4.000000000000000000e+00 3.260000000000000142e+01 1.513039999999999964e+04 1.015060000000000000e+05 3.700000000000000000e+01 2.060999999999999943e+02 2.975000000000000000e+02 0.000000000000000000e+00 3.246000000000000227e+02 2.130000000000000071e+01 -1.569999999999999929e+01
5.999999999999999778e-02 4.000000000000000000e+00 4.410000000000000142e+01 1.255100000000000000e+04 1.013530000000000000e+05 4.900000000000000000e+01 2.065000000000000000e+02 2.981000000000000227e+02 0.000000000000000000e+00 3.263000000000000114e+02 7.500000000000000000e+00 -9.000000000000000000e+00
0.000000000000000000e+00 3.000000000000000000e+00 4.760000000000000142e+01 1.338579999999999927e+04 1.012600000000000000e+05 5.200000000000000000e+01 2.030999999999999943e+02 2.981999999999999886e+02 0.000000000000000000e+00 3.381999999999999886e+02 1.119999999999999929e+01 -1.140000000000000036e+01
7.000000000000000666e-02 3.000000000000000000e+00 4.900000000000000000e+01 1.378720000000000073e+04 1.013220000000000000e+05 5.400000000000000000e+01 2.051999999999999886e+02 2.978000000000000114e+02 0.000000000000000000e+00 3.253999999999999773e+02 1.769999999999999929e+01 -9.500000000000000000e+00
1.300000000000000044e-01 3.000000000000000000e+00 5.020000000000000284e+01 1.863400000000000000e+04 1.013070000000000000e+05 5.500000000000000000e+01 2.130000000000000000e+02 2.981000000000000227e+02 0.000000000000000000e+00 3.111000000000000227e+02 1.730000000000000071e+01 -9.199999999999999289e+00
2.000000000000000042e-02 3.000000000000000000e+00 5.139999999999999858e+01 1.608120000000000073e+04 1.014980000000000000e+05 5.700000000000000000e+01 2.063000000000000114e+02 2.971000000000000227e+02 0.000000000000000000e+00 3.098999999999999773e+02 2.219999999999999929e+01 3.100000000000000089e+00
2.999999999999999889e-02 4.000000000000000000e+00 4.420000000000000284e+01 1.798629999999999927e+04 1.015370000000000000e+05 4.900000000000000000e+01 2.125000000000000000e+02 2.963999999999999773e+02 0.000000000000000000e+00 3.043999999999999773e+02 3.479999999999999716e+01 -3.700000000000000178e+00
1.400000000000000133e-01 3.000000000000000000e+00 4.139999999999999858e+01 1.680650000000000000e+04 1.012800000000000000e+05 4.600000000000000000e+01 2.096999999999999886e+02 2.961000000000000227e+02 0.000000000000000000e+00 3.016999999999999886e+02 2.969999999999999929e+01 -9.900000000000000355e+00
0.000000000000000000e+00 5.000000000000000000e+00 3.250000000000000000e+01 1.396629999999999927e+04 1.010170000000000000e+05 3.300000000000000000e+01 2.070000000000000000e+02 2.966999999999999886e+02 0.000000000000000000e+00 3.021000000000000227e+02 1.300000000000000000e+01 -1.080000000000000071e+01
5.999999999999999778e-02 6.000000000000000000e+00 3.439999999999999858e+01 1.244310000000000036e+04 1.009360000000000000e+05 3.300000000000000000e+01 2.043000000000000114e+02 3.001000000000000227e+02 0.000000000000000000e+00 2.993999999999999773e+02 7.799999999999999822e+00 -2.600000000000000089e+00
2.000000000000000042e-02 5.000000000000000000e+00 4.239999999999999858e+01 2.102879999999999927e+04 1.010040000000000000e+05 4.200000000000000000e+01 2.213000000000000114e+02 3.010000000000000000e+02 0.000000000000000000e+00 3.043999999999999773e+02 1.199999999999999956e+00 -1.280000000000000071e+01
2.999999999999999889e-02 5.000000000000000000e+00 4.839999999999999858e+01 1.216229999999999927e+04 1.010720000000000000e+05 5.000000000000000000e+01 2.026999999999999886e+02 2.993000000000000114e+02 0.000000000000000000e+00 3.010000000000000000e+02 1.509999999999999964e+01 -3.700000000000000178e+00
1.000000000000000056e-01 4.000000000000000000e+00 4.950000000000000000e+01 1.408729999999999927e+04 1.011050000000000000e+05 5.200000000000000000e+01 2.014000000000000057e+02 2.993999999999999773e+02 0.000000000000000000e+00 3.026999999999999886e+02 -9.300000000000000711e+00 -3.200000000000000178e+00
7.000000000000000666e-02 4.000000000000000000e+00 4.610000000000000142e+01 2.104159999999999854e+04 1.010540000000000000e+05 4.600000000000000000e+01 2.214000000000000057e+02 3.006000000000000227e+02 0.000000000000000000e+00 3.088999999999999773e+02 -7.400000000000000355e+00 8.699999999999999289e+00
2.200000000000000011e-01 3.000000000000000000e+00 5.150000000000000000e+01 3.595159999999999854e+04 1.012630000000000000e+05 5.400000000000000000e+01 2.498000000000000114e+02 2.996999999999999886e+02 0.000000000000000000e+00 3.018999999999999773e+02 1.600000000000000089e+00 6.500000000000000000e+00
1.000000000000000056e-01 3.000000000000000000e+00 4.670000000000000284e+01 2.944620000000000073e+04 1.011040000000000000e+05 5.200000000000000000e+01 2.325999999999999943e+02 2.973999999999999773e+02 0.000000000000000000e+00 2.998999999999999773e+02 1.080000000000000071e+01 4.599999999999999645e+00
1.499999999999999944e-01 4.000000000000000000e+00 4.350000000000000000e+01 2.288129999999999927e+04 1.011670000000000000e+05 4.900000000000000000e+01 2.236999999999999886e+02 2.971999999999999886e+02 0.000000000000000000e+00 3.113999999999999773e+02 6.999999999999999556e-01 2.460000000000000142e+01
0.000000000000000000e+00 3.000000000000000000e+00 4.329999999999999716e+01 1.343000000000000000e+04 1.011290000000000000e+05 4.800000000000000000e+01 2.070000000000000000e+02 2.985000000000000000e+02 0.000000000000000000e+00 3.093000000000000114e+02 1.719999999999999929e+01 -9.900000000000000355e+00
5.999999999999999778e-02 3.000000000000000000e+00 5.139999999999999858e+01 1.078139999999999964e+04 1.014440000000000000e+05 5.700000000000000000e+01 2.070999999999999943e+02 2.978999999999999773e+02 0.000000000000000000e+00 3.006000000000000227e+02 1.090000000000000036e+01 -1.330000000000000071e+01
1.000000000000000021e-02 3.000000000000000000e+00 4.779999999999999716e+01 1.306810000000000036e+04 1.016110000000000000e+05 5.200000000000000000e+01 2.070000000000000000e+02 2.986000000000000227e+02 0.000000000000000000e+00 3.030000000000000000e+02 4.799999999999999822e+00 -2.139999999999999858e+01
0.000000000000000000e+00 3.000000000000000000e+00 4.120000000000000284e+01 1.292979999999999927e+04 1.016070000000000000e+05 4.500000000000000000e+01 2.069000000000000057e+02 2.981999999999999886e+02 0.000000000000000000e+00 3.205000000000000000e+02 4.599999999999999645e+00 -2.069999999999999929e+01
0.000000000000000000e+00 4.000000000000000000e+00 3.310000000000000142e+01 1.455439999999999964e+04 1.015200000000000000e+05 3.500000000000000000e+01 2.095000000000000000e+02 2.983000000000000114e+02 0.000000000000000000e+00 3.106999999999999886e+02 8.199999999999999289e+00 -1.300000000000000000e+01
0.000000000000000000e+00 3.000000000000000000e+00 4.529999999999999716e+01 1.525750000000000000e+04 1.016300000000000000e+05 5.000000000000000000e+01 2.104000000000000057e+02 2.981000000000000227e+02 0.000000000000000000e+00 3.113999999999999773e+02 3.299999999999999822e+00 -1.300000000000000000e+01
0.000000000000000000e+00 3.000000000000000000e+00 4.570000000000000284e+01 1.415539999999999964e+04 1.014710000000000000e+05 5.000000000000000000e+01 2.090999999999999943e+02 2.990000000000000000e+02 0.000000000000000000e+00 3.066000000000000227e+02 2.700000000000000178e+00 -1.219999999999999929e+01
1.000000000000000021e-02 3.000000000000000000e+00 4.470000000000000284e+01 1.121579999999999927e+04 1.012520000000000000e+05 4.700000000000000000e+01 2.034000000000000057e+02 2.991999999999999886e+02 0.000000000000000000e+00 3.121000000000000227e+02 2.399999999999999911e+00 -8.900000000000000355e+00
7.000000000000000666e-02 5.000000000000000000e+00 4.460000000000000142e+01 1.078089999999999964e+04 1.010220000000000000e+05 4.500000000000000000e+01 2.028000000000000114e+02 2.998000000000000114e+02 0.000000000000000000e+00 3.141000000000000227e+02 4.700000000000000178e+00 -9.500000000000000000e+00
8.000000000000000167e-02 4.000000000000000000e+00 5.210000000000000142e+01 1.407320000000000073e+04 1.010490000000000000e+05 5.500000000000000000e+01 2.000999999999999943e+02 3.001000000000000227e+02 0.000000000000000000e+00 2.986000000000000227e+02 5.900000000000000355e+00 -6.400000000000000355e+00
2.999999999999999889e-02 3.000000000000000000e+00 5.079999999999999716e+01 1.407370000000000073e+04 1.014050000000000000e+05 5.200000000000000000e+01 2.016999999999999886e+02 2.993000000000000114e+02 0.000000000000000000e+00 3.055000000000000000e+02 -6.999999999999999556e-01 -8.400000000000000355e+00
0.000000000000000000e+00 5.000000000000000000e+00 4.260000000000000142e+01 4.683030000000000291e+04 1.015410000000000000e+05 4.400000000000000000e+01 2.623999999999999773e+02 3.003000000000000114e+02 0.000000000000000000e+00 2.973999999999999773e+02 9.500000000000000000e+00 2.000000000000000000e+00
0.000000000000000000e+00 5.000000000000000000e+00 4.460000000000000142e+01 3.920430000000000291e+04 1.013560000000000000e+05 4.500000000000000000e+01 2.523000000000000114e+02 3.011000000000000227e+02 0.000000000000000000e+00 2.936000000000000227e+02 6.299999999999999822e+00 -7.500000000000000000e+00
5.000000000000000278e-02 4.000000000000000000e+00 5.389999999999999858e+01 2.395029999999999927e+04 1.013210000000000000e+05 5.500000000000000000e+01 2.279000000000000057e+02 3.006999999999999886e+02 0.000000000000000000e+00 2.978999999999999773e+02 -2.399999999999999911e+00 -1.130000000000000071e+01
2.000000000000000042e-02 4.000000000000000000e+00 5.179999999999999716e+01 1.225779999999999927e+04 1.015160000000000000e+05 5.200000000000000000e+01 1.994000000000000057e+02 2.998999999999999773e+02 0.000000000000000000e+00 2.928999999999999773e+02 4.700000000000000178e+00 -1.150000000000000000e+01
2.000000000000000042e-02 5.000000000000000000e+00 4.720000000000000284e+01 1.078220000000000073e+04 1.015450000000000000e+05 4.700000000000000000e+01 2.028000000000000114e+02 3.026000000000000227e+02 0.000000000000000000e+00 2.906000000000000227e+02 -4.500000000000000000e+00 -6.500000000000000000e+00
3.099999999999999978e-01 3.000000000000000000e+00 5.570000000000000284e+01 1.078220000000000073e+04 1.014980000000000000e+05 5.700000000000000000e+01 2.023000000000000114e+02 3.001000000000000227e+02 0.000000000000000000e+00 2.980000000000000000e+02 -7.500000000000000000e+00 -1.119999999999999929e+01
0.000000000000000000e+00 3.000000000000000000e+00 4.389999999999999858e+01 3.344309999999999854e+04 1.009310000000000000e+05 4.900000000000000000e+01 2.478000000000000114e+02 2.986000000000000227e+02 0.000000000000000000e+00 3.016999999999999886e+02 -5.900000000000000355e+00 -4.599999999999999645e+00
2.999999999999999889e-01 4.000000000000000000e+00 5.639999999999999858e+01 2.720729999999999927e+04 1.012180000000000000e+05 5.800000000000000000e+01 2.366999999999999886e+02 3.028999999999999773e+02 6.500000000000000000e+01 2.925000000000000000e+02 3.000000000000000000e+00 6.900000000000000355e+00
1.500000000000000000e+00 3.000000000000000000e+00 5.410000000000000142e+01 1.739309999999999854e+04 1.014950000000000000e+05 5.800000000000000000e+01 2.114000000000000057e+02 3.021000000000000227e+02 8.000000000000000000e+01 2.858999999999999773e+02 3.299999999999999822e+00 8.199999999999999289e+00
0.000000000000000000e+00 3.000000000000000000e+00 4.939999999999999858e+01 1.817870000000000073e+04 1.014850000000000000e+05 5.600000000000000000e+01 2.125000000000000000e+02 3.076999999999999886e+02 0.000000000000000000e+00 3.031999999999999886e+02 2.999999999999999889e-01 8.300000000000000711e+00
0.000000000000000000e+00 3.000000000000000000e+00 4.560000000000000142e+01 1.623900000000000000e+04 1.015600000000000000e+05 5.200000000000000000e+01 2.071999999999999886e+02 3.083999999999999773e+02 0.000000000000000000e+00 2.958999999999999773e+02 -1.000000000000000056e-01 7.599999999999999645e+00
1.000000000000000021e-02 5.000000000000000000e+00 4.150000000000000000e+01 1.235879999999999927e+04 1.016010000000000000e+05 4.500000000000000000e+01 2.053000000000000114e+02 3.076999999999999886e+02 5.100000000000000000e+01 2.976000000000000227e+02 -7.700000000000000178e+00 -7.099999999999999645e+00
0.000000000000000000e+00 3.000000000000000000e+00 4.679999999999999716e+01 2.033390000000000146e+04 1.015240000000000000e+05 5.100000000000000000e+01 2.193000000000000114e+02 3.063000000000000114e+02 0.000000000000000000e+00 3.005000000000000000e+02 -1.669999999999999929e+01 -7.599999999999999645e+00
0.000000000000000000e+00 3.000000000000000000e+00 4.429999999999999716e+01 1.222970000000000073e+04 1.012060000000000000e+05 5.100000000000000000e+01 2.021999999999999886e+02 3.048000000000000114e+02 0.000000000000000000e+00 3.021999999999999886e+02 -3.200000000000000178e+00 -5.799999999999999822e+00
0.000000000000000000e+00 3.000000000000000000e+00 5.170000000000000284e+01 2.123829999999999927e+04 1.010580000000000000e+05 6.200000000000000000e+01 2.219000000000000057e+02 2.985000000000000000e+02 0.000000000000000000e+00 3.051000000000000227e+02 1.030000000000000071e+01 -1.699999999999999956e+00
1.000000000000000021e-02 5.000000000000000000e+00 5.000000000000000000e+01 3.046779999999999927e+04 1.013750000000000000e+05 5.400000000000000000e+01 2.429000000000000057e+02 3.073000000000000114e+02 0.000000000000000000e+00 2.836000000000000227e+02 5.999999999999999778e-01 8.199999999999999289e+00
2.000000000000000042e-02 5.000000000000000000e+00 4.900000000000000000e+01 2.016509999999999854e+04 1.012230000000000000e+05 5.100000000000000000e+01 2.201999999999999886e+02 3.081000000000000227e+02 6.900000000000000000e+01 2.820000000000000000e+02 -8.500000000000000000e+00 1.059999999999999964e+01
0.000000000000000000e+00 3.000000000000000000e+00 4.339999999999999858e+01 4.364800000000000000e+04 1.014450000000000000e+05 4.900000000000000000e+01 2.585000000000000000e+02 3.075000000000000000e+02 0.000000000000000000e+00 2.988000000000000114e+02 3.100000000000000089e+00 9.699999999999999289e+00
0.000000000000000000e+00 3.000000000000000000e+00 5.060000000000000142e+01 1.336320000000000073e+04 1.015420000000000000e+05 5.800000000000000000e+01 2.048000000000000114e+02 3.056999999999999886e+02 5.200000000000000000e+01 2.958999999999999773e+02 -9.800000000000000711e+00 -7.400000000000000355e+00
1.000000000000000021e-02 3.000000000000000000e+00 5.200000000000000000e+01 1.816909999999999854e+04 1.011240000000000000e+05 5.600000000000000000e+01 2.155000000000000000e+02 3.063000000000000114e+02 0.000000000000000000e+00 2.963999999999999773e+02 1.080000000000000071e+01 -8.300000000000000711e+00
0.000000000000000000e+00 3.000000000000000000e+00 4.750000000000000000e+01 1.934900000000000000e+04 1.010120000000000000e+05 5.300000000000000000e+01 2.171999999999999886e+02 3.056000000000000227e+02 1.500000000000000000e+01 2.976999999999999886e+02 9.400000000000000355e+00 8.699999999999999289e+00
0.000000000000000000e+00 5.000000000000000000e+00 4.779999999999999716e+01 1.776350000000000000e+04 1.009440000000000000e+05 5.000000000000000000e+01 2.136999999999999886e+02 3.071000000000000227e+02 0.000000000000000000e+00 2.775000000000000000e+02 1.699999999999999956e+00 1.660000000000000142e+01
1.000000000000000021e-02 5.000000000000000000e+00 4.979999999999999716e+01 1.650670000000000073e+04 1.013220000000000000e+05 4.900000000000000000e+01 2.093000000000000114e+02 3.113000000000000114e+02 0.000000000000000000e+00 2.891000000000000227e+02 6.000000000000000000e+00 1.469999999999999929e+01
0.000000000000000000e+00 5.000000000000000000e+00 4.879999999999999716e+01 1.952070000000000073e+04 1.012300000000000000e+05 5.000000000000000000e+01 2.180000000000000000e+02 3.088000000000000114e+02 0.000000000000000000e+00 2.933999999999999773e+02 8.500000000000000000e+00 4.000000000000000222e-01
0.000000000000000000e+00 3.000000000000000000e+00 5.020000000000000284e+01 2.239259999999999854e+04 1.014530000000000000e+05 5.600000000000000000e+01 2.258000000000000114e+02 3.055000000000000000e+02 4.600000000000000000e+01 2.903000000000000114e+02 -1.500000000000000000e+01 -6.500000000000000000e+00
0.000000000000000000e+00 3.000000000000000000e+00 5.420000000000000284e+01 1.561270000000000073e+04 1.013050000000000000e+05 6.000000000000000000e+01 2.073000000000000114e+02 2.991999999999999886e+02 0.000000000000000000e+00 2.926000000000000227e+02 -4.900000000000000355e+00 -9.699999999999999289e+00
0.000000000000000000e+00 3.000000000000000000e+00 4.920000000000000284e+01 1.345900000000000000e+04 1.011930000000000000e+05 5.400000000000000000e+01 2.013000000000000114e+02 3.051000000000000227e+02 0.000000000000000000e+00 2.940000000000000000e+02 -8.400000000000000355e+00 2.600000000000000089e+00
0.000000000000000000e+00 5.000000000000000000e+00 4.450000000000000000e+01 1.764179999999999927e+04 1.012320000000000000e+05 4.400000000000000000e+01 2.146999999999999886e+02 3.095000000000000000e+02 0.000000000000000000e+00 2.893000000000000114e+02 -2.999999999999999889e-01 1.509999999999999964e+01
1.000000000000000021e-02 3.000000000000000000e+00 5.100000000000000000e+01 1.872690000000000146e+04 1.014670000000000000e+05 5.800000000000000000e+01 2.151999999999999886e+02 3.053999999999999773e+02 1.000000000000000000e+00 2.876000000000000227e+02 8.599999999999999645e+00 1.080000000000000071e+01
0.000000000000000000e+00 3.000000000000000000e+00 3.019999999999999929e+01 2.333050000000000000e+04 1.006630000000000000e+05 3.100000000000000000e+01 2.304000000000000057e+02 2.990000000000000000e+02 0.000000000000000000e+00 2.891000000000000227e+02 8.500000000000000000e+00 -2.200000000000000178e+00
0.000000000000000000e+00 3.000000000000000000e+00 3.679999999999999716e+01 1.517379999999999927e+04 1.011360000000000000e+05 4.100000000000000000e+01 2.074000000000000057e+02 2.976999999999999886e+02 0.000000000000000000e+00 2.918999999999999773e+02 4.200000000000000178e+00 -1.130000000000000071e+01
0.000000000000000000e+00 5.000000000000000000e+00 5.079999999999999716e+01 3.858880000000000291e+04 1.013750000000000000e+05 5.200000000000000000e+01 2.540999999999999943e+02 3.111999999999999886e+02 0.000000000000000000e+00 2.860000000000000000e+02 -7.500000000000000000e+00 -4.200000000000000178e+00
0.000000000000000000e+00 3.000000000000000000e+00 4.420000000000000284e+01 1.647029999999999927e+04 1.016560000000000000e+05 4.800000000000000000e+01 2.093000000000000114e+02 3.055000000000000000e+02 0.000000000000000000e+00 2.851000000000000227e+02 -1.960000000000000142e+01 -4.000000000000000000e+00
1.000000000000000021e-02 5.000000000000000000e+00 4.300000000000000000e+01 1.206839999999999964e+04 1.013350000000000000e+05 4.600000000000000000e+01 2.006999999999999886e+02 3.081999999999999886e+02 0.000000000000000000e+00 2.850000000000000000e+02 -7.599999999999999645e+00 -1.300000000000000000e+01
0.000000000000000000e+00 5.000000000000000000e+00 5.270000000000000284e+01 1.302620000000000073e+04 1.014800000000000000e+05 5.800000000000000000e+01 2.020000000000000000e+02 3.113999999999999773e+02 0.000000000000000000e+00 2.821999999999999886e+02 -6.000000000000000000e+00 -1.190000000000000036e+01
0.000000000000000000e+00 3.000000000000000000e+00 5.139999999999999858e+01 2.153059999999999854e+04 1.015750000000000000e+05 6.000000000000000000e+01 2.220999999999999943e+02 3.053999999999999773e+02 0.000000000000000000e+00 2.828999999999999773e+02 -1.140000000000000036e+01 1.600000000000000089e+00
0.000000000000000000e+00 4.000000000000000000e+00 5.200000000000000000e+01 2.101000000000000000e+04 1.013390000000000000e+05 5.600000000000000000e+01 2.211999999999999886e+02 3.116999999999999886e+02 0.000000000000000000e+00 2.893999999999999773e+02 -4.000000000000000000e+00 -1.180000000000000071e+01
0.000000000000000000e+00 3.000000000000000000e+00 5.529999999999999716e+01 1.991759999999999854e+04 1.012420000000000000e+05 6.200000000000000000e+01 2.180999999999999943e+02 3.098000000000000114e+02 0.000000000000000000e+00 2.865000000000000000e+02 -1.500000000000000000e+00 -9.900000000000000355e+00
0.000000000000000000e+00 5.000000000000000000e+00 4.860000000000000142e+01 1.334970000000000073e+04 1.013810000000000000e+05 5.100000000000000000e+01 2.015000000000000000e+02 3.108999999999999773e+02 0.000000000000000000e+00 2.826999999999999886e+02 -9.800000000000000711e+00 -4.299999999999999822e+00
0.000000000000000000e+00 5.000000000000000000e+00 4.760000000000000142e+01 1.470629999999999927e+04 1.013560000000000000e+05 5.100000000000000000e+01 2.069000000000000057e+02 3.116000000000000227e+02 0.000000000000000000e+00 2.841000000000000227e+02 0.000000000000000000e+00 -1.059999999999999964e+01
0.000000000000000000e+00 3.000000000000000000e+00 4.329999999999999716e+01 1.078179999999999927e+04 1.012650000000000000e+05 4.800000000000000000e+01 2.018000000000000114e+02 3.046000000000000227e+02 0.000000000000000000e+00 2.836999999999999886e+02 -9.800000000000000711e+00 -9.199999999999999289e+00
1.000000000000000021e-02 3.000000000000000000e+00 4.720000000000000284e+01 1.810009999999999854e+04 1.011970000000000000e+05 5.300000000000000000e+01 2.135999999999999943e+02 2.978999999999999773e+02 0.000000000000000000e+00 2.850000000000000000e+02 -1.700000000000000000e+01 -1.710000000000000142e+01
2.000000000000000042e-02 3.000000000000000000e+00 5.629999999999999716e+01 1.764020000000000073e+04 1.011120000000000000e+05 6.700000000000000000e+01 2.118000000000000114e+02 2.963999999999999773e+02 0.000000000000000000e+00 2.700000000000000000e+02 1.860000000000000142e+01 -5.299999999999999822e+00
0.000000000000000000e+00 5.000000000000000000e+00 4.039999999999999858e+01 2.349190000000000146e+04 1.009050000000000000e+05 4.600000000000000000e+01 2.260999999999999943e+02 3.075000000000000000e+02 0.000000000000000000e+00 2.825000000000000000e+02 1.430000000000000071e+01 -1.340000000000000036e+01
6.700000000000000400e-01 3.000000000000000000e+00 5.420000000000000284e+01 1.742529999999999927e+04 1.011380000000000000e+05 6.600000000000000000e+01 2.091999999999999886e+02 3.010000000000000000e+02 0.000000000000000000e+00 2.791000000000000227e+02 2.980000000000000071e+01 1.600000000000000089e+00
1.199999999999999956e-01 3.000000000000000000e+00 5.060000000000000142e+01 2.252090000000000146e+04 1.009190000000000000e+05 6.200000000000000000e+01 2.243000000000000114e+02 3.038999999999999773e+02 0.000000000000000000e+00 2.835000000000000000e+02 2.080000000000000071e+01 1.619999999999999929e+01
5.999999999999999778e-02 4.000000000000000000e+00 4.729999999999999716e+01 2.255959999999999854e+04 1.013170000000000000e+05 5.700000000000000000e+01 2.243000000000000114e+02 3.046999999999999886e+02 6.100000000000000000e+01 2.816000000000000227e+02 1.739999999999999858e+01 8.900000000000000355e+00
2.999999999999999889e-02 4.000000000000000000e+00 4.760000000000000142e+01 2.102670000000000073e+04 1.012730000000000000e+05 5.600000000000000000e+01 2.206999999999999886e+02 3.065000000000000000e+02 0.000000000000000000e+00 2.771999999999999886e+02 1.569999999999999929e+01 2.350000000000000000e+01
0.000000000000000000e+00 3.000000000000000000e+00 5.500000000000000000e+01 1.925959999999999854e+04 1.012820000000000000e+05 6.200000000000000000e+01 2.170000000000000000e+02 3.045000000000000000e+02 0.000000000000000000e+00 2.718999999999999773e+02 1.069999999999999929e+01 3.500000000000000000e+00
2.999999999999999889e-02 3.000000000000000000e+00 5.479999999999999716e+01 1.441489999999999964e+04 1.012580000000000000e+05 6.400000000000000000e+01 2.035999999999999943e+02 2.966000000000000227e+02 0.000000000000000000e+00 2.783000000000000114e+02 8.099999999999999645e+00 -2.899999999999999911e+00
1.000000000000000021e-02 3.000000000000000000e+00 5.129999999999999716e+01 1.730670000000000073e+04 1.012410000000000000e+05 5.700000000000000000e+01 2.108000000000000114e+02 3.041999999999999886e+02 0.000000000000000000e+00 2.801000000000000227e+02 8.099999999999999645e+00 -4.000000000000000222e-01
2.800000000000000266e-01 4.000000000000000000e+00 6.029999999999999716e+01 1.920540000000000146e+04 1.008230000000000000e+05 6.800000000000000000e+01 2.170000000000000000e+02 3.043999999999999773e+02 0.000000000000000000e+00 2.766000000000000227e+02 2.150000000000000000e+01 -4.700000000000000178e+00
0.000000000000000000e+00 3.000000000000000000e+00 5.289999999999999858e+01 2.937959999999999854e+04 1.007220000000000000e+05 6.000000000000000000e+01 2.415000000000000000e+02 3.023000000000000114e+02 2.000000000000000000e+00 2.778999999999999773e+02 2.400000000000000000e+01 -9.500000000000000000e+00
0.000000000000000000e+00 3.000000000000000000e+00 4.889999999999999858e+01 1.645000000000000000e+04 1.009580000000000000e+05 5.300000000000000000e+01 2.125999999999999943e+02 3.061000000000000227e+02 4.700000000000000000e+01 2.768999999999999773e+02 7.900000000000000355e+00 -7.799999999999999822e+00
1.000000000000000021e-02 3.000000000000000000e+00 5.060000000000000142e+01 2.310979999999999927e+04 1.009720000000000000e+05 5.300000000000000000e+01 2.285000000000000000e+02 3.031000000000000227e+02 7.900000000000000000e+01 2.661999999999999886e+02 1.290000000000000036e+01 -3.500000000000000000e+00
0.000000000000000000e+00 5.000000000000000000e+00 3.629999999999999716e+01 1.842479999999999927e+04 1.015390000000000000e+05 4.400000000000000000e+01 2.118000000000000114e+02 3.061999999999999886e+02 0.000000000000000000e+00 2.793000000000000114e+02 3.610000000000000142e+01 1.269999999999999929e+01
1.000000000000000021e-02 4.000000000000000000e+00 4.839999999999999858e+01 1.549889999999999964e+04 1.010860000000000000e+05 5.100000000000000000e+01 2.060000000000000000e+02 3.063000000000000114e+02 0.000000000000000000e+00 2.628000000000000114e+02 1.559999999999999964e+01 1.399999999999999911e+00
2.999999999999999889e-02 4.000000000000000000e+00 5.160000000000000142e+01 1.566050000000000000e+04 1.010770000000000000e+05 5.600000000000000000e+01 2.081999999999999886e+02 2.963000000000000114e+02 0.000000000000000000e+00 2.576000000000000227e+02 2.619999999999999929e+01 4.000000000000000000e+00
1.499999999999999944e-01 5.000000000000000000e+00 3.139999999999999858e+01 1.943970000000000073e+04 1.006820000000000000e+05 4.500000000000000000e+01 2.130000000000000000e+02 2.966000000000000227e+02 0.000000000000000000e+00 2.760000000000000000e+02 2.700000000000000000e+01 3.700000000000000178e+00
6.099999999999999867e-01 3.000000000000000000e+00 3.939999999999999858e+01 1.856320000000000073e+04 1.009710000000000000e+05 6.100000000000000000e+01 2.155999999999999943e+02 2.893999999999999773e+02 0.000000000000000000e+00 2.688999999999999773e+02 2.800000000000000000e+01 1.610000000000000142e+01
2.999999999999999889e-02 3.000000000000000000e+00 3.200000000000000000e+01 2.770340000000000146e+04 1.010740000000000000e+05 5.500000000000000000e+01 2.269000000000000057e+02 2.930000000000000000e+02 6.400000000000000000e+01 2.928000000000000114e+02 7.799999999999999822e+00 1.409999999999999964e+01
2.399999999999999911e-01 3.000000000000000000e+00 4.770000000000000284e+01 1.409929999999999927e+04 1.009710000000000000e+05 5.800000000000000000e+01 2.050000000000000000e+02 3.013999999999999773e+02 0.000000000000000000e+00 2.513000000000000114e+02 4.239999999999999858e+01 1.650000000000000000e+01
2.099999999999999922e-01 2.000000000000000000e+00 4.089999999999999858e+01 1.973229999999999927e+04 1.014010000000000000e+05 6.000000000000000000e+01 2.175999999999999943e+02 2.856999999999999886e+02 0.000000000000000000e+00 2.560000000000000000e+02 5.139999999999999858e+01 2.010000000000000142e+01
2.000000000000000111e-01 3.000000000000000000e+00 4.110000000000000142e+01 1.679950000000000000e+04 1.020680000000000000e+05 5.800000000000000000e+01 2.111999999999999886e+02 2.913999999999999773e+02 0.000000000000000000e+00 2.751000000000000227e+02 3.550000000000000000e+01 6.999999999999999556e-01
1.400000000000000133e-01 3.000000000000000000e+00 4.450000000000000000e+01 2.204409999999999854e+04 1.017260000000000000e+05 5.700000000000000000e+01 2.240999999999999943e+02 2.930000000000000000e+02 0.000000000000000000e+00 2.651999999999999886e+02 4.750000000000000000e+01 -2.799999999999999822e+00
7.199999999999999734e-01 3.000000000000000000e+00 6.070000000000000284e+01 1.198200000000000000e+04 1.011620000000000000e+05 7.400000000000000000e+01 1.979000000000000057e+02 2.958999999999999773e+02 0.000000000000000000e+00 2.555999999999999943e+02 3.279999999999999716e+01 1.930000000000000071e+01
1.379999999999999893e+00 3.000000000000000000e+00 5.850000000000000000e+01 1.323960000000000036e+04 1.008460000000000000e+05 7.400000000000000000e+01 1.999000000000000057e+02 2.946000000000000227e+02 0.000000000000000000e+00 2.463000000000000114e+02 3.989999999999999858e+01 1.960000000000000142e+01
0.000000000000000000e+00 3.000000000000000000e+00 2.619999999999999929e+01 1.738929999999999927e+04 1.018170000000000000e+05 3.400000000000000000e+01 2.116999999999999886e+02 3.005000000000000000e+02 0.000000000000000000e+00 2.838999999999999773e+02 2.600000000000000000e+01 -2.019999999999999929e+01
2.999999999999999889e-02 3.000000000000000000e+00 3.610000000000000142e+01 1.597110000000000036e+04 1.020610000000000000e+05 4.600000000000000000e+01 2.073000000000000114e+02 2.990000000000000000e+02 0.000000000000000000e+00 2.833999999999999773e+02 2.250000000000000000e+01 -3.700000000000000178e+00
1.000000000000000021e-02 3.000000000000000000e+00 3.460000000000000142e+01 1.459889999999999964e+04 1.019530000000000000e+05 4.400000000000000000e+01 2.066999999999999886e+02 2.911000000000000227e+02 0.000000000000000000e+00 2.776000000000000227e+02 3.169999999999999929e+01 -6.900000000000000355e+00
1.900000000000000022e-01 3.000000000000000000e+00 2.060000000000000142e+01 1.304720000000000073e+04 1.013960000000000000e+05 3.000000000000000000e+01 2.056999999999999886e+02 2.920000000000000000e+02 0.000000000000000000e+00 2.750000000000000000e+02 3.089999999999999858e+01 -6.599999999999999645e+00
1.000000000000000056e-01 3.000000000000000000e+00 2.639999999999999858e+01 1.406229999999999927e+04 1.015360000000000000e+05 3.900000000000000000e+01 2.086999999999999886e+02 2.888000000000000114e+02 0.000000000000000000e+00 2.741000000000000227e+02 2.869999999999999929e+01 1.600000000000000089e+00
0.000000000000000000e+00 5.000000000000000000e+00 5.599999999999999645e+00 1.743529999999999927e+04 1.014620000000000000e+05 8.000000000000000000e+00 2.158000000000000114e+02 2.786999999999999886e+02 0.000000000000000000e+00 2.876000000000000227e+02 3.500000000000000000e+01 5.999999999999999778e-01
5.000000000000000278e-02 3.000000000000000000e+00 3.920000000000000284e+01 1.934859999999999854e+04 1.014050000000000000e+05 5.000000000000000000e+01 2.155000000000000000e+02 3.013000000000000114e+02 0.000000000000000000e+00 2.524000000000000057e+02 5.339999999999999858e+01 3.399999999999999911e+00
3.300000000000000155e-01 3.000000000000000000e+00 4.560000000000000142e+01 1.894650000000000000e+04 1.013930000000000000e+05 6.200000000000000000e+01 2.141999999999999886e+02 2.933999999999999773e+02 0.000000000000000000e+00 2.354000000000000057e+02 5.279999999999999716e+01 1.369999999999999929e+01
7.000000000000000666e-02 4.000000000000000000e+00 4.260000000000000142e+01 1.542939999999999964e+04 1.006660000000000000e+05 5.000000000000000000e+01 2.058000000000000114e+02 2.996000000000000227e+02 1.400000000000000000e+01 2.320000000000000000e+02 3.910000000000000142e+01 2.400000000000000000e+01
3.800000000000000044e-01 3.000000000000000000e+00 4.529999999999999716e+01 2.009979999999999927e+04 1.017580000000000000e+05 6.500000000000000000e+01 2.163000000000000114e+02 2.933999999999999773e+02 2.000000000000000000e+01 2.528000000000000114e+02 5.400000000000000000e+01 1.600000000000000089e+00
1.900000000000000022e-01 2.000000000000000000e+00 4.300000000000000000e+01 2.117390000000000146e+04 1.019850000000000000e+05 6.500000000000000000e+01 2.188000000000000114e+02 2.920000000000000000e+02 0.000000000000000000e+00 2.505999999999999943e+02 5.350000000000000000e+01 -2.000000000000000000e+00
